1001|19|90|123|34
1001|99|70|183|44
1001|89|20|173|64
1001|79|10|193|3
1001|59|60|113|14
1001|29|30|123|39
1001|19|70|153|12
1002|19|90|123
1002|99|70|183
1002|89|20|173
1002|79|10|193
1001|119|190|123|34
1001|199|170|183|44
1001|189|120|173|64
1001|179|110|193|3
1001|159|160|113|14
1001|129|130|123|39
1001|119|170|153|12
1002|119|90|123
1002|99|70|183
1002|89|20|173
1002|79|10|193
1002|59|60|113
1002|29|30|123
1002|19|70|153
1003|19|90|123|34|57
1003|99|70|183|44|45
1003|89|20|173|64|43
1003|79|10|193|3|29
1003|59|60|113|14|20
1003|29|30|123|39|95
1003|19|70|153|12|19
1001|119|290|123|34
1001|299|270|183|44
1001|289|220|173|64
1001|279|210|193|3
1001|259|260|113|14
1001|229|230|123|39
1001|219|270|153|12
1002|219|90|123
1002|299|70|183
1002|89|20|173
1002|79|10|193
1002|59|60|113
1002|29|30|123
1002|19|70|153
1003|19|90|123|34|57
1003|99|70|183|44|45
1003|89|20|173|64|43
1003|79|10|193|3|29
1003|59|60|113|14|20
1003|29|30|123|39|95
1003|19|70|153|12|19
1001|219|390|123|34
1001|299|370|183|44
1001|389|320|173|64
1001|379|310|193|3
1001|359|360|113|14
1001|329|330|123|39
1001|319|370|153|12
1002|19|90|123
1002|99|70|183
1002|89|20|173
1002|79|10|193
1002|59|60|113
1002|29|30|123
1002|19|70|153
1003|19|90|123|34|57
1003|99|70|183|44|45
1003|89|20|173|64|43
1003|79|10|193|3|29
1003|59|60|113|14|20
1003|29|30|123|39|95
1003|19|70|153|12|19
