1001|19|90|123|34
1001|99|70|183|44
1001|89|20|173|64
1001|79|10|193|3
1001|59|60|113|14
1001|29|30|123|39
1001|19|70|153|12
1002|19|90|123
1002|99|70|183
1002|89|20|173
1002|79|10|193
1001|19|90|123|34
1001|99|70|183|44
1001|89|20|173|64
1001|79|10|193|3
1001|59|60|113|14
1001|29|30|123|39
1001|19|70|153|12
1002|19|90|123
1002|99|70|183
1002|89|20|173
1002|79|10|193
1002|59|60|113
1002|29|30|123
1002|19|70|153
1003|19|90|123|34|57
1003|99|70|183|44|45
1003|89|20|173|64|43
1003|79|10|193|3|29
1003|59|60|113|14|20
1003|29|30|123|39|95
1003|19|70|153|12|19
1001|19|90|123|34
1001|99|70|183|44
1001|89|20|173|64
1001|79|10|193|3
1001|59|60|113|14
1001|29|30|123|39
1001|19|70|153|12
1002|19|90|123
1002|99|70|183
1002|89|20|173
1002|79|10|193
1002|59|60|113
1002|29|30|123
1002|19|70|153
1003|19|90|123|34|57
1003|99|70|183|44|45
1003|89|20|173|64|43
1003|79|10|193|3|29
1003|59|60|113|14|20
1003|29|30|123|39|95
1003|19|70|153|12|19
1001|19|90|123|34
1001|99|70|183|44
1001|89|20|173|64
1001|79|10|193|3
1001|59|60|113|14
1001|29|30|123|39
1001|19|70|153|12
1002|19|90|123
1002|99|70|183
1002|89|20|173
1002|79|10|193
1002|59|60|113
1002|29|30|123
1002|19|70|153
1003|19|90|123|34|57
1003|99|70|183|44|45
1003|89|20|173|64|43
1003|79|10|193|3|29
1003|59|60|113|14|20
1003|29|30|123|39|95
1003|19|70|153|12|19
